GameRunLog-2007-223556 - ball pos memory
4000
[311, 666, 686, 805, 2581, 3382, 3398, 3515, 3727]
Saves / Goal = 444

GameRunLog-2107-034523 -  - game data not available
6208
[852, 2415, 3002, 3075, 3463, 3732, 3842, 4568, 4782, 5421, 5554, 6170]
Saves / Goal = 517

GameRunLog-2107-122919 - dynamic reward + ball pos memory
1554
[811, 836, 923, 1061, 1216, 1243]
Saves / Goal = 259

GameRunLog-2107-143242 - (prev distance to ball - curr distance to ball) as input
3137
[2061]
Saves / Goal = 3137

GameRunLog-2207-110959 - dynamic reward + ball pos memory + goalie pos memory
4407
[18, 33, 43, 55, 56, 58, 59, 62, 64, 65, 72, 73, 81, 82, 89, 93, 95, 98, 104, 110, 115, 121, 124, 125, 133, 137, 139, 150, 152, 157, 166, 173, 175, 177, 185, 192, 201, 208, 209, 210, 211, 213, 222, 223, 225, 226, 227, 230, 242, 246, 249, 259, 268, 270, 274, 276, 277, 279, 280, 281, 285, 287, 289, 290, 292, 296, 297, 298, 302, 304, 311, 319, 320, 321, 323, 324, 326, 330, 332, 336, 341, 342, 343, 345, 346, 348, 353, 354, 355, 359, 365, 366, 372, 373, 379, 383, 388, 389, 392, 401, 410, 411, 413, 415, 418, 419, 420, 428, 434, 445, 447, 450, 454, 457, 459, 461, 463, 465, 471, 473, 474, 476, 481, 483, 486, 489, 493, 510, 511, 513, 514, 515, 516, 521, 536, 543, 549, 554, 555, 556, 563, 570, 572, 576, 577, 578, 582, 590, 591, 594, 601, 607, 613, 625, 627, 634, 638, 642, 649, 651, 657, 661, 663, 669, 675, 679, 686, 689, 695, 697, 700, 701, 702, 703, 706, 719, 725, 733, 735, 741, 744, 747, 751, 752, 756, 760, 761, 766, 775, 776, 782, 785, 789, 791, 794, 796, 797, 799, 803, 805, 808, 809, 810, 811, 816, 821, 825, 827, 831, 836, 841, 842, 843, 848, 849, 851, 854, 858, 859, 860, 861, 865, 868, 869, 879, 886, 891, 901, 902, 908, 910, 916, 918, 919, 922, 928, 936, 937, 941, 951, 952, 953, 955, 961, 963, 964, 965, 968, 969, 971, 976, 980, 982, 989, 993, 994, 996, 997, 1000, 1004, 1005, 1007, 1012, 1017, 1021, 1022, 1024, 1025, 1038, 1040, 1041, 1048, 1050, 1053, 1055, 1058, 1060, 1063, 1066, 1074, 1082, 1083, 1084, 1085, 1088, 1090, 1091, 1093, 1096, 1100, 1101, 1103, 1105, 1112, 1116, 1119, 1122, 1123, 1125, 1133, 1135, 1138, 1140, 1145, 1146, 1147, 1149, 1151, 1152, 1155, 1168, 1171, 1173, 1174, 1179, 1182, 1186, 1191, 1193, 1198, 1201, 1202, 1203, 1204, 1210, 1230, 1231, 1236, 1237, 1238, 1239, 1248, 1249, 1252, 1254, 1257, 1274, 1275, 1283, 1290, 1296, 1309, 1315, 1319, 1321, 1330, 1337, 1341, 1351, 1354, 1357, 1359, 1363, 1364, 1366, 1367, 1368, 1375, 1383, 1384, 1388, 1390, 1393, 1400, 1401, 1403, 1405, 1407, 1411, 1412, 1414, 1415, 1423, 1428, 1433, 1434, 1443, 1445, 1447, 1457, 1458, 1466, 1468, 1472, 1473, 1475, 1477, 1482, 1484, 1486, 1491, 1492, 1498, 1503, 1506, 1520, 1521, 1522, 1523, 1526, 1527, 1529, 1530, 1533, 1535, 1541, 1544, 1547, 1548, 1549, 1551, 1553, 1554, 1557, 1576, 1580, 1582, 1583, 1584, 1586, 1592, 1596, 1598, 1604, 1608, 1615, 1622, 1626, 1630, 1631, 1632, 1636, 1637, 1639, 1641, 1652, 1654, 1661, 1664, 1666, 1667, 1668, 1670, 1677, 1679, 1680, 1682, 1683, 1684, 1688, 1689, 1692, 1693, 1694, 1696, 1702, 1704, 1706, 1707, 1708, 1710, 1719, 1720, 1721, 1722, 1725, 1726, 1727, 1730, 1731, 1733, 1737, 1738, 1739, 1745, 1748, 1750, 1751, 1752, 1756, 1759, 1763, 1764, 1772, 1777, 1779, 1783, 1784, 1786, 1790, 1791, 1792, 1794, 1798, 1803, 1814, 1833, 1836, 1841, 1849, 1851, 1852, 1856, 1857, 1859, 1862, 1863, 1869, 1872, 1877, 1880, 1882, 1883, 1884, 1885, 1887, 1889, 1893, 1894, 1896, 1897, 1904, 1914, 1916, 1917, 1926, 1939, 1940, 1942, 1943, 1950, 1951, 1952, 1953, 1954, 1957, 1958, 1960, 1963, 1966, 1969, 1971, 1982, 1983, 1992, 1995, 1996, 1999, 2000, 2002, 2004, 2008, 2015, 2016, 2017, 2020, 2026, 2029, 2039, 2042, 2043, 2045, 2049, 2053, 2055, 2056, 2059, 2060, 2064, 2065, 2068, 2070, 2079, 2080, 2081, 2082, 2083, 2090, 2092, 2093, 2094, 2097, 2099, 2102, 2104, 2105, 2107, 2109, 2124, 2131, 2138, 2140, 2150, 2152, 2157, 2159, 2160, 2161, 2163, 2171, 2174, 2176, 2181, 2182, 2183, 2184, 2185, 2186, 2188, 2193, 2196, 2197, 2198, 2201, 2203, 2206, 2207, 2208, 2211, 2212, 2213, 2218, 2223, 2225, 2230, 2240, 2242, 2245, 2248, 2250, 2252, 2253, 2257, 2258, 2260, 2265, 2267, 2271, 2272, 2273, 2276, 2283, 2285, 2287, 2294, 2297, 2299, 2301, 2303, 2310, 2317, 2320, 2325, 2326, 2330, 2334, 2343, 2344, 2345, 2346, 2349, 2354, 2359, 2360, 2364, 2365, 2367, 2368, 2370, 2372, 2375, 2376, 2382, 2385, 2386, 2394, 2395, 2396, 2400, 2409, 2411, 2417, 2419, 2420, 2422, 2428, 2429, 2431, 2441, 2446, 2448, 2450, 2454, 2457, 2460, 2461, 2462, 2463, 2467, 2469, 2470, 2473, 2479, 2483, 2488, 2493, 2495, 2497, 2498, 2499, 2503, 2504, 2508, 2511, 2512, 2513, 2520, 2521, 2523, 2525, 2527, 2530, 2531, 2534, 2535, 2552, 2555, 2557, 2558, 2562, 2564, 2569, 2575, 2576, 2578, 2579, 2580, 2585, 2588, 2592, 2594, 2595, 2599, 2610, 2619, 2625, 2627, 2628, 2633, 2634, 2636, 2637, 2639, 2641, 2648, 2654, 2656, 2658, 2661, 2668, 2669, 2672, 2674, 2676, 2681, 2686, 2688, 2702, 2708, 2710, 2711, 2713, 2720, 2721, 2726, 2733, 2736, 2749, 2750, 2756, 2763, 2764, 2766, 2767, 2772, 2775, 2776, 2780, 2785, 2792, 2793, 2797, 2802, 2804, 2814, 2817, 2819, 2820, 2824, 2829, 2830, 2831, 2833, 2840, 2841, 2843, 2854, 2856, 2863, 2864, 2865, 2866, 2871, 2872, 2873, 2874, 2877, 2882, 2883, 2884, 2890, 2892, 2895, 2897, 2899, 2900, 2903, 2907, 2910, 2912, 2913, 2914, 2915, 2918, 2920, 2921, 2924, 2932, 2937, 2940, 2942, 2948, 2955, 2958, 2962, 2967, 2973, 2974, 2978, 2980, 2982, 2984, 2987, 2991, 2995, 2998, 3004, 3007, 3011, 3020, 3021, 3022, 3025, 3030, 3035, 3041, 3045, 3046, 3047, 3055, 3056, 3058, 3060, 3061, 3068, 3070, 3072, 3073, 3082, 3083, 3086, 3087, 3089, 3090, 3096, 3097, 3098, 3104, 3112, 3113, 3118, 3121, 3124, 3125, 3128, 3132, 3134, 3137, 3139, 3140, 3142, 3149, 3153, 3157, 3164, 3165, 3173, 3175, 3182, 3183, 3184, 3189, 3191, 3192, 3195, 3196, 3197, 3198, 3199, 3200, 3203, 3205, 3206, 3208, 3211, 3217, 3218, 3221, 3224, 3225, 3227, 3228, 3235, 3237, 3251, 3252, 3254, 3255, 3256, 3258, 3265, 3266, 3269, 3276, 3277, 3278, 3279, 3284, 3285, 3286, 3287, 3288, 3292, 3295, 3299, 3302, 3304, 3305, 3308, 3314, 3315, 3316, 3319, 3321, 3322, 3323, 3324, 3328, 3329, 3336, 3339, 3341, 3345, 3348, 3357, 3358, 3360, 3364, 3369, 3371, 3373, 3380, 3382, 3386, 3387, 3389, 3392, 3394, 3395, 3396, 3399, 3403, 3404, 3408, 3410, 3417, 3426, 3428, 3434, 3443, 3448, 3454, 3466, 3468, 3472, 3476, 3477, 3480, 3482, 3484, 3486, 3489, 3494, 3497, 3498, 3499, 3501, 3502, 3503, 3511, 3515, 3516, 3520, 3527, 3530, 3534, 3537, 3540, 3545, 3547, 3548, 3549, 3553, 3559, 3560, 3561, 3563, 3564, 3566, 3571, 3572, 3573, 3579, 3583, 3584, 3585, 3588, 3589, 3594, 3595, 3596, 3611, 3612, 3615, 3618, 3620, 3622, 3623, 3637, 3639, 3640, 3647, 3648, 3651, 3653, 3655, 3656, 3657, 3658, 3662, 3664, 3671, 3673, 3676, 3679, 3681, 3683, 3684, 3688, 3694, 3703, 3705, 3707, 3710, 3716, 3718, 3719, 3728, 3729, 3736, 3737, 3738, 3746, 3747, 3748, 3751, 3752, 3763, 3764, 3766, 3773, 3776, 3777, 3785, 3786, 3790, 3797, 3800, 3811, 3814, 3818, 3821, 3822, 3829, 3830, 3833, 3836, 3839, 3841, 3843, 3848, 3855, 3859, 3860, 3862, 3863, 3864, 3869, 3873, 3875, 3878, 3883, 3886, 3888, 3892, 3894, 3899, 3902, 3903, 3906, 3912, 3922, 3924, 3926, 3930, 3933, 3939, 3940, 3941, 3942, 3944, 3952, 3953, 3954, 3955, 3956, 3960, 3961, 3963, 3969, 3971, 3974, 3979, 3994, 3999, 4005, 4008, 4009, 4017, 4020, 4024, 4025, 4026, 4030, 4036, 4058, 4062, 4063, 4066, 4068, 4073, 4075, 4080, 4093, 4096, 4098, 4100, 4104, 4106, 4108, 4113, 4120, 4121, 4127, 4129, 4130, 4132, 4133, 4136, 4137, 4138, 4140, 4145, 4150, 4151, 4152, 4163, 4164, 4166, 4167, 4169, 4176, 4177, 4179, 4184, 4194, 4195, 4205, 4207, 4209, 4210, 4214, 4218, 4220, 4224, 4225, 4231, 4232, 4240, 4242, 4245, 4247, 4249, 4250, 4253, 4254, 4256, 4258, 4261, 4262, 4266, 4280, 4284, 4299, 4302, 4304, 4306, 4308, 4312, 4326, 4331, 4333, 4340, 4342, 4343, 4345, 4353, 4355, 4356, 4360, 4361, 4366, 4368, 4370, 4372, 4374, 4378, 4387, 4389, 4393, 4402, 4404, 4405]
Saves / Goal = 3.5

GameRunLog-2407-101458
